-2.777101103353098921e+01 -1.543293523945284562e+02
8.223362182884764593e+01 2.289213991056215036e+01
6.949965757941239985e+01 -2.937307092472352110e+01
5.927305844568573434e+01 -9.125026177760678081e+01
-4.317673428157164039e+00 1.523806245807622872e+01
-7.982331191405461368e+01 -1.074699894785308061e+02
6.581917697285277313e+01 -1.631551965325816411e+02
1.654004471450116398e+01 1.565624506241420022e+01
-8.907496860441742115e+01 -1.472809048758953168e+02
-6.445395830378888036e+01 -9.798782246048236289e+01
7.252913685068244831e+01 -1.523740206828012163e+02
9.653009401596946759e+00 -1.022057157385257113e+02
-2.255631672175852032e+00 8.057552564719048860e+01
7.536033242044038616e+01 1.501038142171694290e+01
-3.866039701630142389e+01 -4.060699776052146603e+01
7.984420548669618256e+01 1.111211726671632505e+01
7.256903190113374080e+01 1.238994625952750539e+02
7.496928586064214528e+00 -9.869590822719190726e+01
4.801555528216221091e+01 -1.456976309434014638e+01
1.489257455832563437e+01 5.147328221877484111e+01
1.757960618351745552e+00 6.564003984310446072e+01
6.986234057180013224e+01 -8.168297436600498429e+01
2.817758552597628352e+01 1.448489601492080396e+02
7.177167762265128204e+01 -1.492332995302207905e+02
-6.721053786973544675e+01 -1.316569135899862601e+02
-5.539917930995368778e+01 3.942551489211695070e+01
-3.538789702766317902e+01 1.154444938975689752e+02
1.675761833950274138e+01 1.185083407876113597e+02
5.372949736898610240e+01 2.074373830039712630e+01
-8.891831307940424267e+01 1.297908541031381446e+02
8.597190402495732542e+01 9.996836340936459919e+01
-6.545556689231398195e+01 8.593033707501120944e+00
1.109564966613973525e+01 -9.644807239141044874e+00
-8.656352755572247304e+01 1.624452877396410599e+01
-3.370513156731936277e+01 -1.363365920054617959e+02
4.962948661194630517e+00 1.707123573370849954e+02
8.578441485768348684e+01 -1.320567982488270786e+02
4.908636837521476082e+01 1.340373451548558705e+02
-1.886659159456775114e+01 -3.831375640940382254e+01
-5.198761165751816549e+01 -9.628514966932301888e+01
4.926718894247073877e+01 1.067604105920179336e+02
4.339606815581575461e+01 1.779466076558986742e+02
-6.524233275976655477e+00 8.090101870297701225e+01
-2.571971994724482613e+01 -7.682869925428906299e+01
2.744679726442578271e+01 -3.300583012421333251e+01
-3.884602507301062246e+01 8.269430352632491577e+01
1.088920411414989076e+01 4.919762618939444110e+01
8.170612180003840308e+01 -1.568864984186493245e+02
5.147015224837610958e+01 5.845622739116839739e+01
-5.937882099307074668e-01 -8.196614868002137655e+01
1.879218941352817751e+01 1.691454699041722733e+02
6.749849144298758574e+01 4.621114158939747085e+00
-4.841338242558913407e+01 -1.329260035002590428e+02
6.570378471781558005e+01 -8.466257170683287825e+01
-2.437917517947137469e+01 -1.535697457170985274e+02
-4.549822654253627263e+01 1.505679844145328161e+01
-4.919863810957309624e+00 1.374524430101955659e+02
1.932820248536661722e+01 2.939803976541591624e+01
7.305881345886123768e+01 -1.014734291792159127e+02
6.842514182827201807e+01 3.530770266336159580e+01
1.912486917008331488e+01 -1.050826529376120959e+02
-9.922266741625264785e+00 -3.891271034291705178e+01
-7.977279275552621129e+01 9.492355304948074490e+01
-7.185769207303422945e+01 1.139349375275488114e+02
-8.773749357764785373e+00 -1.600050752909237701e+02
3.994659131655984652e+01 3.746277405865802734e+01
4.155858063133993596e+01 1.461519635857260937e+02
-3.836031434407843221e+00 1.506125533689333906e+02
-8.574619100539550232e+01 7.158162717087495253e+01
-6.701030029491946038e+00 2.366708556221539084e+00
-3.526034486281588443e-01 -1.647478631698577942e+02
-1.069956755787052316e+01 -5.668703906965504302e+00
-4.832652811696902972e+00 1.700307268996991183e+02
-5.332695758917987661e+01 -8.764094839897711609e+01
2.482477663955212677e+01 -4.541142187886242709e+01
-7.821487827485620414e+01 8.682580499316048872e+01
5.892029289100005940e+01 -1.618528831459423145e+02
-3.610284158394794929e+01 3.251009001747090110e+01
3.169340044806949663e+01 7.912109058553204477e+01
-3.533185999593159465e+01 -9.714111034563269698e+01
6.996461097231440363e+01 -6.043301574637766294e+01
3.792419457969371877e+01 -4.305639097285677508e+01
-5.608022294255492568e+01 -1.513766291105292794e+02
4.387754313576706977e+00 4.823239355846604326e+01
3.682116688659723991e+01 -8.818626563359902093e+01
-7.607995498596019956e+01 -8.488753201087527600e+01
3.516938652346695449e+00 -1.040703809297818481e+02
-4.106149088901270972e+01 -1.077095038812088319e+02
-5.673358034803637651e+01 -1.011834517149046349e+02
6.782249460818550801e+01 2.175732087485681632e+01
8.769649116317449966e+01 -1.086396948745610302e+01
3.998114692151577287e+01 -3.000371296376982855e+00
7.997222993505431532e+01 -3.744455351883800631e+00
-8.362315115973444790e+00 4.520491940012931309e+00
-2.601052750704751304e+01 -7.061723623324296284e+01
4.389918138720130969e+01 8.126661310042226205e+01
-8.921122044877449753e-01 -1.369999600732514011e+02
2.843699188697259217e+01 8.515370522261696351e+01
4.007322599681000952e+01 1.338466213595639260e+02
4.762294578383304611e+01 1.794648523322132974e+02
5.226121756335794544e+01 -3.814456320912006504e+01
8.650052243697558652e+01 3.733314534651083250e+01
-5.507627802806671014e+01 1.004678103320120499e+02
5.849916324420297542e+01 -1.743899685641000019e+01
2.382262514360604655e-01 1.156923284658667512e+02
3.404485025585722724e+01 1.306669687892817819e+02
-1.293607574592584797e+01 1.157874092446629106e+02
-1.148617456161015582e+01 -5.999562261863452761e+01
6.480452654726704509e+01 1.025834433286794933e+02
2.989660582997338167e+01 -2.762190967514834483e+01
-5.484076885609772489e+01 -9.943803475551446525e+01
4.734997925687920883e+01 -1.744093974978692358e+02
5.866669654192199346e+01 -6.209624169878452449e+00
-5.895701061545373989e+01 -6.149351526403847856e-01
7.831668854669189272e+00 1.186933558122255477e+02
-4.757602458121885292e+01 1.101921825154251451e+02
-5.368858674157858246e+01 -1.305671494394776460e+02
-8.441171922994931265e+01 4.524253024450197813e+01
8.518903677386498430e+01 -4.979441143851943252e+00
-4.630714332466412486e+01 1.285115365618825081e+02
5.097112852409216543e+01 -4.740484007367322761e+01
4.891678805954964560e+01 1.441623512380343186e+02
-1.487357928237855731e-01 1.742132626264434521e+02
3.559972552430510007e+01 1.070755360838101069e+02
-2.703083130348293395e+01 1.045279450955291054e+02
-6.285175582531847027e+01 -1.199915986394880179e+02
-8.818923109942602423e+00 1.507174844511477545e+02
7.739669873270972289e+01 1.392365025830363834e+01
7.113195133668838821e+00 -1.699059092057581779e+02
3.858801080519299376e+01 -7.150713791655296347e+01
8.656346751706144005e+01 -5.063897164999650613e+01
-6.342626385144313872e+01 8.776169202702533312e+01
-3.772066554043705366e+01 -1.561221640709175063e+02
8.305940400109622601e+01 2.485067159917994672e+01
7.899049633838842510e+00 4.748325323090503502e+01
-6.936358163683811995e+01 -1.456395192710337483e+01
-8.767764126286287762e+01 -8.687918416030765911e+01
-2.266478527426625078e+01 -1.711072707253177896e+02
7.018806367143329794e+01 1.270292762794225609e+02
-1.989492678943645387e+01 -9.067805030970856706e+01
5.213312235607924094e+01 -8.728882863400203007e+01
2.498144233730937458e+01 -7.908233554547986444e+01
5.935547165404898351e+01 -1.305517512869130314e+01
6.303563107290014500e+01 9.751951966877976474e+01
1.400534140363717484e+00 1.477775135499618955e+02
-8.823001164683982722e+01 1.727981564023007195e+02
5.824425225120114646e+01 -8.974809436212362357e+01
-7.274372435270063875e+01 1.784155549096739719e+02
4.743315653094816753e+01 6.381741867802105617e+00
-7.720115479589300378e+01 7.039169791909418450e+01
-4.648982381286828769e+01 -1.727983622340487102e+02
-5.395570274069646644e+01 -1.220922860679321502e+02
-8.644862703499725853e+01 1.549710239492160895e+02
7.714931466232798130e+00 1.932647667080345855e+00
1.828374392909529433e+01 -1.659762798136338802e+02
-7.086921067953474562e+01 1.657446430042039083e+02
-8.989687310107140661e+01 3.114673064878766695e+01
7.805983627282091675e+01 9.348838968385763337e+00
2.229156082363704172e+01 -1.052230366171766178e+02
-5.259695238647012872e+01 -4.047639899416341791e+01
-2.570827097458020205e+01 -5.560300527934879256e+01
1.081705620593852757e+01 9.789038770076723495e+01
-6.496701045319092316e+01 -1.392249427121211625e+02
2.432598920184078395e+01 -9.817410644717512014e+00
4.554159633985722166e+01 -6.112518018013113874e+01
-4.945432796334790027e+01 -3.677168880788502747e+01
8.521027094675244484e+01 1.921169121307642058e+01
-5.327206403576220595e+01 9.774008636130417926e-01
6.194509001402738591e+01 -1.778076508382798693e+01
8.535437876333440954e+01 -6.120031895514739517e+01
-4.234892343484138877e+01 -5.028473359042789070e+01
3.660098419915061640e+01 -8.415354674833454851e+01
4.137723716661625417e+01 6.900257276249553229e+01
-5.097734176590476807e+01 -1.107371161804589406e+02
-8.627854465885363311e+01 -9.645345577120824032e+01
-2.248760362478368791e+01 -5.344849247186935770e+01
-6.117262388841176346e+01 -3.897305131501732944e+01
-1.288222120231598922e+01 1.609787218249926468e+02
5.422900001608041975e+01 8.638792054568926915e+01
-7.758148628573063377e+01 -1.341707189967577847e+02
-3.559790155539998580e+01 -2.540624653715750014e+01
5.248577570575815798e+01 -1.794865157364361892e+02
-4.408035522865702660e+00 -9.908392011266684563e+01
-1.486107578454209488e+01 -1.304398035560869573e+02
3.730504948070731075e+00 6.860205492646059611e+01
-3.289950612473286640e+01 -1.587480069853994848e+02
6.934097417377157058e+01 -1.613995871491794674e+02
-5.587729940712245025e+01 -3.927886245862859482e+01
8.759083220356885136e+01 -6.778909690243189345e+01
7.327432745364484390e+01 9.397647856655936494e+01
-5.005106464517503184e+01 7.550682668633129424e+00
1.715511207564570384e+01 9.379419819573121231e+01
-6.392430300875154359e+01 -1.007264249354931565e+02
-2.809189957428705497e+01 3.941725172077826755e+01
7.366954226060451560e+01 -8.945846737468892229e+01
6.345223947720580782e+01 1.046380754660131061e+02
-4.267728733954059095e+01 1.267830382044936641e+02
-1.738040141865938892e+01 5.065809177680552011e+01
1.688778249203934934e+01 1.174518583135278504e+02
-7.143865463310775965e+01 1.690797877909686235e+02
-7.853777478609782747e+01 -8.555887716447485047e+01
-6.444283950454905607e+01 4.048272607514277865e+01
1.799168598877265879e+01 -6.681853641007208466e+01
-4.553812585610003083e+01 1.117537069753479955e+02
-4.144653974210199010e+01 5.202353430985505156e+01
6.807277593269222393e+01 -8.054425713783470542e+01
-3.303291448394574559e+00 1.316085781018532543e+02
3.351014065142285858e+01 3.373042460486297500e+01
-9.894558490757091818e+00 4.206496540893766678e+00
-7.696493301084286998e+01 -1.504288856592165757e+01
4.076746909279717102e+01 -8.262948507088944439e+01
-3.777472658203975442e+01 1.200925972671083173e+02
-7.879208920381502423e+01 1.387289090346595799e+02
1.361278673293804786e+01 1.642655420044969219e+02
-8.948932012655313883e+01 -1.445333483997728479e+02
-5.414120456409501259e+01 -4.184756033360037009e+01
7.738514720170545047e+01 1.051924841510736428e+02
-5.741576299130002070e+01 1.535049047893846250e+02
-4.396695111665259503e+01 5.145961675519902201e+01
-2.951667621646498674e+01 -4.772262777491806673e+01
6.642567378826313984e+01 1.246760368580042950e+02
3.587962326940493085e+01 1.541051920406248428e+02
-8.229409687134834428e+01 -1.341627846836728395e+02
8.545950336823608495e+01 1.022012265467197381e+02
6.277261779970729094e+01 1.611708316673542640e+02
1.043931528193041913e+00 1.063600753492913213e+02
2.424074910347923151e+01 -9.206668087274445611e+01
-6.658683316866122937e+01 -1.075531332574601180e+02
5.608104747713960592e+01 -9.189727779259320073e+01
-8.465518695637094027e+01 4.805654889333334268e+01
4.370434980358550092e+01 6.694619480101169984e+01
-3.920859507030393587e+01 1.630070580618495910e+02
-1.979140650021214753e+01 -1.664595296151867956e+02
7.232748466500652285e+01 2.323577702998645123e+01
7.565506528082750037e+00 1.440372569667263747e+02
-8.971308466912262247e-01 1.137787539001436130e+02
4.635347513946368281e+01 -5.696634493840078051e+01
-4.015862198167989305e+01 1.645689788832798968e+02
8.969118354193497566e+01 1.307404572811890375e+01
3.157410564922356855e+01 1.224449969353349843e+02
-7.930962742913544616e+01 -9.475832326181958365e+01
3.017665195349235319e+01 -7.817890270097466043e+01
-7.251319106818290550e+01 1.242609417392648652e+01
2.747717323720618765e+01 -1.530631937604076711e+02
8.383448224324348530e+01 2.387067135106192950e+01
-2.576700472104903383e+01 1.092920995327283435e+02
3.817134284911827535e+01 1.219131300896998482e+01
-6.768498055636003130e+01 -1.136488217080717078e+02
-4.453603127729453348e+01 1.660072279339986494e+02
-5.921208563853064533e+01 -7.609453729344176054e+01
1.373193410477793464e+01 2.800211947483211361e+01
-2.557674927168702084e+01 -3.166526300485486445e+01
-7.605875763120960187e+01 -1.752751396729867963e+02
5.797102589080139978e+01 -5.845047737694328305e+01
2.986499784347398645e+01 1.294374200944245672e+02
4.876875072751204243e+00 -6.164052613208167486e+01
5.059500832297510442e+01 -1.769906797269376852e+01
2.115172305019356713e+01 1.113919912220013089e+02
7.539916013463133027e+01 -9.075068786087365424e+01
1.212503723652457666e+01 -1.692785849087835572e+02
-2.466161913596197053e+01 6.974044958802230099e+01
-7.644953095527145592e+01 -1.760978490755780683e+02
2.023380594275451472e+01 -8.536163903667784325e+01
8.046930939807356253e+01 1.703010906165548590e+02
6.792125105801315499e+01 -1.253229597162756335e+02
1.781627577525675576e+01 1.144529282427220664e+02
-1.772536719991769871e+01 6.032558047797249401e+01
-6.794593864878731893e+01 1.470820454259745134e+02
7.608546386318607802e+01 6.521386741253391506e+01
-9.163379772477867391e+00 2.102629756390709304e+01
1.628234582730920010e+01 -6.123818397349921838e+01
-2.322671540510269494e+01 -5.631720592371664225e+00
1.728278177396758508e+01 1.399670115225574136e+02
-1.515458459921573819e+01 3.033035410886293448e+01
-5.613715213953206984e+01 1.317584214862833960e+02
-7.205548104958374722e+01 6.620062319146853724e+01
-2.182778432674473379e+01 1.051446721962749962e+02
-6.768942206550725871e+01 -1.207043050403240301e+02
7.085213191590906945e+01 1.667721302412683713e+02
-6.119072068395890085e+01 1.532268878270569985e+02
-2.879564131639683922e+01 -2.251529922029723707e+01
-1.630534202181671333e+01 -6.098749439820096541e+00
-3.196567746557887091e+01 -1.407224633917627159e+02
-3.232408304172468405e+01 -2.939808326113086423e+01
7.656516994679506638e+00 -4.200777098180202529e+01
2.691297161188867904e+01 1.150832412902343549e+02
-7.124195456638047119e+01 1.173683624724570222e+02
6.760894996841847160e+01 1.086015190667063166e+02
7.517870356279635757e+01 -1.782927302391827595e+02
-7.437504976069156726e+01 -1.532336347907371135e+02
-3.066736817205960364e+01 -5.846952548696276608e+01
-1.218425738217943888e+01 1.449301762836639114e+02
5.723007426020416233e+01 8.298102514881719571e+01
-6.936201804956641581e+01 7.359453512192527569e+01
5.080608914278320754e+01 -2.441275622620668173e+01
1.079407308035432322e+01 -1.302903694652451350e+01
-8.112124232167401772e+01 -9.473821578694925449e+01
6.992505275165240164e+01 1.120259862934034345e+02
-4.233685713970494646e+01 -6.821285336187523285e+01
5.413254024845016943e+01 1.686457635420728707e+01
-1.627233698109648685e+01 -8.745291116765214667e+01
-6.980975304090901545e+01 1.546604578792780558e+02
7.583093214579685082e+01 -6.597911587640429332e+01
6.349275727334148200e+01 -8.694937720373275170e+00
1.652014304224857710e+01 -9.490571055089435504e+01
3.614509874038304815e+01 -7.218314469064809202e+01
6.885530500216543714e+01 4.252120013827334333e+01
9.706651021556666592e+00 3.283392338081472417e+01
3.527691110682766862e+00 1.657011617134281209e+02
-5.468167725161246295e+01 7.313924988021568652e+01
-7.846550565397170374e+01 -4.006583974564443906e+01
-7.466431716979072064e+01 -8.355515541403721613e+01
5.263409168851484310e+01 -1.681504663979918917e+02
3.792421614668032248e+01 1.296906176812702824e+02
4.137340586714296364e+01 1.659737871164643934e+02
-1.291289022061576475e+01 1.505006944511204665e+02
4.336444034547298543e+01 1.970721666920996995e+01
-3.104519096894264152e+01 -4.529756495962243434e+01
-2.260589309046163464e+01 -1.352302398954544458e+02
8.547810247215494428e+01 -4.557843219539665824e+01
-3.827436427992154933e+01 5.704346068450649909e+01
5.633846661608396289e+01 1.387777790473045343e+02
-6.200499992977030672e+01 -1.671954521015768194e+02
-4.116577754682030843e+01 -1.185049103557503258e+00
7.284500720156572129e+01 -4.865843124683149767e+01
-7.503707830557571867e+01 1.150290077325426523e+02
1.490607063634719509e+01 -1.661854851066095762e+02
8.911223543239486844e+01 3.462877712618504233e+01
3.065552191063244436e+01 -6.235254829964956969e+01
-7.476856359710397726e+01 9.089419306320087344e+01
2.409857654253571013e+00 1.539893972175879640e+02
8.056318218509136386e+01 1.448564238202761203e+02
-6.754015086126504741e+01 -3.633689582981384092e+01
3.342647011842188931e+01 8.992244351049612305e+01
-1.236247543967945717e+01 1.071246842322532302e+02
-7.535865490473585737e+01 -8.981929171178364868e+00
1.526976599581288951e+00 7.509663321207210629e+01
-2.563284928736109691e+00 -1.300918631020753935e+02
7.445613453080716226e+01 1.366453666952903632e+02
5.987602597791402559e+01 8.798036647317428560e+01
-3.424604916225122508e+01 -1.775039012064654003e+02
-5.720329313632396406e+01 -1.497184447971146426e+02
-6.329921560923040147e+01 -9.209072893174514718e+01
-7.963732672978484572e+01 1.044846924480203256e+02
8.384320645899242663e+01 -1.725667487795975035e+02
2.964088345629600951e+01 5.071184851828016349e+01
4.303388546115630220e+01 2.605807295291899095e+01
-4.164989476924858991e+00 -8.527454094812574681e+01
-2.019886380396940240e-01 -6.666996475557681379e+01
7.379063508015337902e+01 -1.115379738637155924e+02
5.992385810134959456e+01 -1.588892977512116715e+02
-2.178692305696340270e+01 -1.380395950394771774e+02
5.059297572640721796e+01 1.562219495827731066e+02
3.330212094679016843e+01 -8.711156547355511748e+01
-2.321485178074951250e+00 -1.273403613948319588e+02
-6.463825483748564693e+01 4.294520190165093254e+01
-1.077934226972911347e+01 -1.246303277541819625e+02
-9.690012548464622455e+00 3.745845450728205606e+01
1.846610423818175661e+01 -8.398690581941484368e+01
-5.936875078219663493e+01 -5.200634198845641265e+01
-7.140915022221724939e+01 -9.667072838550588187e+01
7.464944496950479902e+01 1.432733447941723171e+01
-4.185583568169732871e+00 1.603377895181409940e+01
-4.415489684114542257e+01 9.347231533043742502e+01
-1.282281104855118770e+01 7.758688700914245828e+01
-6.328106649608535861e+01 1.385961222522626599e+02
1.743063251956473891e+01 -9.643856277712529845e+00
-2.294093837167227434e+01 -5.379484119536681419e+01
-3.066039412027188149e+01 -3.219480507198028363e+00
4.959240460869489198e+01 -1.245784110199016652e+02
3.728274752187908803e+01 1.000156152023060372e+02
-5.050066901541926256e+01 5.012265281501993286e+01
-5.699317322172791478e+01 1.433536635065566429e+02
-7.083753441978278431e+01 -1.081087794894832825e+02
-7.250096284380246914e+01 -1.516792638120488732e+02
1.196767351569647531e+01 1.606138526874656236e+01
1.208741777943909312e+01 1.067431279443139829e+02
-7.725219438348275958e+00 7.584431977063232466e+01
-8.957730949568927770e+01 -1.124077386086818819e+02
5.829010487752717040e+01 9.695253328445505758e+01
1.231253851288842327e+01 1.495708780494920234e+02
6.668956537816768559e+01 9.179647303957693794e+01
7.514205133997862163e+01 -9.277453215857886448e+01
5.737322696078260265e+01 -2.920288992245482973e+01
1.189262103561871697e+01 -9.265152071285001512e+00
6.812964057332806078e+00 1.799485122990872696e+02
-5.242792222595905116e+01 -1.566155164187534012e+02
7.608660900144164430e+01 -1.517133420461730111e+02
4.496180795861235424e+00 4.351638308981372916e+01
-6.386178264686549255e+01 -4.480247326048191781e+01
-5.744500527284577629e+01 1.364053569783064290e+02
-1.961665226401025564e+01 8.879174499296277645e+01
7.397798310953589862e+01 1.778535361614748354e+02
-3.392302174197197928e+00 3.276936870076460195e+01
-8.702197834999023485e+01 5.729360946809060806e+01
-7.609375971828848151e+01 7.568582380467324811e+01
4.200219872379750541e+01 -6.174506662311668492e+01
5.391490267554956972e+01 2.592741763951511302e+01
-3.356194257885890408e+01 -5.533137942773817031e+01
-4.147909889036149167e+01 1.565844202543949564e+02
-7.490983674888360611e+01 -1.552205698056779397e+02
4.011278452562061148e+01 -1.501019551380875612e+02
7.528978002232318545e+01 -8.722940901929653990e+01
-5.363950910960275564e+01 1.652176944567801229e+02
7.347573011610495541e+01 9.477254586933418068e+01
-6.694434026673975779e+01 -8.230382013643634309e+00
-8.324394205425410576e+01 9.957768990962551925e+01
4.149220357515883961e+01 -2.748189973198776670e+01
-1.673285562768050738e+01 -1.685655418037910636e+01
-7.769005593285284306e+01 5.143650782923776887e+01
-6.349383112400944640e+01 1.584795723831280156e+02
-2.456644349021495088e+01 -2.229221593529783263e+01
2.949045744848771733e+01 2.971586950023467466e+01
-6.172423910983200557e+01 -1.119546335761559561e+02
5.289931591741918737e+01 -1.181896328531894653e+02
-5.097332972689400776e+00 -5.747706749634396317e+01
-6.605399590108969221e+01 -4.737082841859194104e+01
-6.938371341125575498e+01 -1.075812029447337608e+02
3.007530912538491918e+01 -1.430911786038063838e+02
3.378645145964615892e+01 -9.342055759535040238e+01
8.766453877815948204e+00 3.489682906465884571e+01
5.533054479355570265e+00 1.659350775064404502e+02
2.231498836634278859e+01 -6.602180690579176314e+01
-1.652671761979226517e+01 -1.786683688636291549e+02
1.159412746136709416e+01 -1.494660369781760778e+02
-4.258152830496321428e+01 5.759540591772514517e+01
4.652998967962179222e+01 -1.707428833526694234e+02
-8.311555449430852605e+01 1.577358884893311028e+02
-9.191873329102818957e+00 9.407896957611603739e+01
2.936832783813296999e+01 -6.939963865687914790e+01
-3.177684692695202529e+01 4.341203861403343467e+01
-1.772728577700083008e+01 -3.516264515215112851e+00
1.489717440638968071e+01 1.055045048228657834e+02
-6.323362859766947963e+01 1.464590665230380750e+02
4.212546307754578834e+01 1.420264846862255013e+02
3.580113272087349685e+01 -5.374038107970702072e+01
-6.701332921425837696e+01 7.652896606930988810e+01
-7.225071448795699780e+01 1.521291060948806262e+01
5.306875818137933720e+01 -8.473441686876189749e+01
-3.293137020794495129e+01 -1.319316510481623084e+02
-7.330727352544614916e+01 -6.443217896248687282e+01
6.819221566191353645e+01 1.312604359163682943e+02
-1.810938441927864062e+01 2.166867849924133793e+01
-1.164366504116173928e+01 5.832488278958172145e+01
3.278481144907739520e+01 7.597441871616297249e-01
7.598187887482353631e+01 -9.166015191323936051e+00
-2.743886550374352851e+01 -1.695411713271258805e+02
-6.357270195306765714e+01 1.356402872703778826e+02
-1.255781233369738459e+01 -1.720864088910568057e+01
1.589899182417862278e+01 1.041539181288125633e+02
-8.458953147229132696e+01 7.821434724121706950e+01
7.265680672948442975e+01 1.378542235720960889e+02
1.555881411562188532e+01 3.844425818935414441e+01
-7.864545927705985662e+01 9.225013066678172891e+01
4.552081850372741201e+01 -9.747105978749414135e+01
-6.581007047250537312e+01 -4.069844451776043570e+01
5.878095742791879275e+01 -8.473264267439552100e+01
-5.134107514244963966e+01 8.103721892200502452e+01
6.454290606775217043e+00 1.563788594786908561e+02
-5.273615152516649118e+01 -2.465212275225124472e+01
-6.447447963917213087e+00 1.625469230160260850e+02
-5.759990025327373075e+01 -1.496156736355560497e+02
-6.607402616308874599e+01 -1.512424805263796088e+02
2.080954146481352041e+01 -1.582987676039178666e+02
-8.808635563876890728e+00 1.441476849824262558e+02
8.364438400880283098e+01 1.581743060383886927e+02
-8.281282619868153461e+01 -1.448312359776549556e+02
9.000927135154213943e+00 -4.291294784775303128e+01
-3.344516349133719046e+01 -7.702914406745588849e+01
1.552121070949225157e+01 -9.416795031394909188e+01
-1.684519047744186082e+01 9.396688868498694092e+01
-6.798878035827374333e+01 -4.844428715324136192e+01
8.746999723254793935e+01 1.773739086148177080e+02
6.077136327893623502e+01 1.522502269706395168e+02
-1.842178252974113661e+01 3.686278300008464726e+01
6.945900756120849451e+00 2.760586788838955385e+01
-5.331149411613237987e+01 6.729539453170261254e+01
-3.508338305374665822e+01 -6.641540109924309832e+01
-8.457939592682764385e+01 -7.537081953576277726e+01
-6.032270756679966439e+01 -1.284711860813874296e+02
4.485203139474097611e+01 -8.064575823280505062e+01
4.300503286869366093e+01 -1.233444938504335653e+02
2.074062769848953280e+01 1.182072934667831987e+02
6.732917851022284594e+01 -6.157599530364269924e+01
2.969923113026865735e+00 -1.097037463033521050e+02
-7.853272750298472715e+00 -1.561869403715548401e+02
6.344658142852267702e+00 -8.844908281249225013e+01
6.145354729564161289e+01 1.680071854810452692e+01
2.479505061033077595e+01 -1.268077332652657532e+02
1.333136834245748048e+01 9.327841406420560588e+01
-2.598294063811762555e+01 -1.008305424163970088e+01
6.058609100831912997e+01 -7.083984911669732298e+01
6.129815028336571459e+01 -8.200717992526860201e+01
4.973417107685523320e+01 -1.414863733098499949e+02
-5.436357752771392171e+01 -1.311050507527831144e+02
-6.968961911207735227e+01 -1.595940014414480856e+02
-5.486933457396455793e+01 9.560959824426220166e+00
-5.976211211669237855e+00 -6.196221961543317036e+01
1.505341815630312396e+01 -7.651424639115342075e+01
-4.176818739348977516e+01 1.742546294106787172e+02
3.986397983135350387e+01 1.576092046885596005e+02
-3.933216342956120570e+01 -1.786353705895987503e+02
1.822041867909494783e+01 3.482629302855286824e+01
-5.684691101738465591e+01 -1.196933632627346498e+02
3.464832131535520432e+01 -7.456174817764481588e+01
8.304977474642655011e+00 -3.361322166576425730e+01
8.334126403359334745e+00 -4.848244495755022854e+01
4.251526397947225178e+01 -1.419789544897974736e+02
4.281040476938918005e+01 -1.570346144581264411e+02
7.865811605738804246e+01 -8.275707914935409804e+01
7.696022764699665686e+01 1.045557388072413119e+02
5.101505152095495532e+01 -1.602904926572533668e+02
8.512866636682562671e+01 1.230229458704948229e+02
-3.435253742517876674e+01 5.959975310322053588e+01
2.459514823413115892e+01 -1.127913365792317535e+02
7.149832090727528566e+01 9.402996840494364506e+01
1.552994434474641139e+01 1.134739080777926006e+02
-6.521791457575673689e+00 -2.653737035248809661e+01
-4.787483272046070937e+01 -1.683163142920137716e+02
-8.688515618187702216e+01 3.022980923939061881e+01
6.609372411050065921e+01 -9.690662519643461792e+01
3.103304906523450768e+01 -9.958191800500742374e+01
-4.308125086266741732e+01 1.624945122566755913e+02
-4.067432156063775039e+01 -1.535418663018667189e+02
-8.023890300089789207e+01 1.678680114822927294e+02
1.891574923473618242e+01 -1.205519223945120189e+01
-6.708849165998864805e+01 1.011694867278843617e+02
-3.173172682349655105e+01 1.194308030908603087e+02
2.850131450880039097e+01 -1.155613089136659113e+02
-7.806287306333481979e+01 -2.864289295745101072e+01
2.133013461519399812e+01 -8.617123329893195205e+01
-3.845144878820240564e+01 1.428374099351517543e+02
3.933235318037256434e+01 -6.163648453584460185e+01
4.697744550916274875e+01 -9.897013522920012463e+01
-5.946999217965256435e+01 1.862876290197959861e+00
-1.087001274088095215e-01 8.363117717371784465e+01
6.469865819969101040e+01 3.982812574277369322e+01
-3.457456981155342390e+01 3.643071136379643349e+01
8.770584228986467679e+01 -7.848249919234450545e+01
2.378367447405555879e+01 -7.117104590230275107e+01
4.957741300883407121e+01 -1.264604128044533127e+01
6.075088075079440841e+01 -1.641049445405618599e+02
-3.207731805860748153e+01 1.275156511209136170e+02
3.486189468193046537e+00 4.140363578723827231e+01
4.033744674801906172e+01 -1.666945080655364109e+02
-7.973467726969278146e+01 1.272173766351027666e+02
4.006771780502378988e+01 -1.513447184829675223e+02
-4.231115382266731473e+01 -1.379736286462322425e+02
7.931678985996717302e+01 -1.518916695366158649e+02
7.077960424237542725e+01 1.236655565781971973e+02
7.461720589118357339e+01 -6.410252757494309606e+01
1.311519559701201842e+01 -1.504682720968674516e+02
7.722963587056557344e+01 1.307729963717633836e+01
8.540617521167985160e+01 4.702721609486661691e+01
-2.247421887270103014e+01 6.413751913936579285e+01
-1.703916709462403389e+01 4.451138493378854832e+01
-7.986558245599971428e+01 -1.200489513512497126e+02
-7.221105783032359682e+01 -8.160404360788521672e+01
-8.964896828334549639e+01 -8.103605035562593173e+01
2.325075903910929753e+01 -4.521438828956277689e+01
-6.838158671321647830e+01 -6.079960930187414192e+01
-6.615983983899127452e+01 -1.547365338566086450e+02
6.307744732918766317e+01 2.220277805572098373e+01
-3.299413762963696684e+01 1.193054776655840783e+02
3.454991706306014976e+01 5.401695638898092966e+01
1.734878973591136742e+00 -4.026645747190136149e+01
6.216144006914291253e+01 1.738355217609192778e+02
1.621893591102593746e+01 1.021942692811649067e+02
-7.180311652919635890e+01 -1.032000336036756210e+02
8.862363053975255411e+01 1.029602678199719890e+02
5.327863131029383226e+01 -1.749523258455367625e+02
-7.891829086882438560e+01 1.176271805652194189e+02
-3.324585215837095831e+01 -8.571655871052007569e+01
-5.110722888873269198e+00 -9.130990932316095154e+01
-8.498833648079954628e+01 7.580470859939816819e+01
6.487018576061413455e+01 7.580758777368308188e+01
-1.503095260571105030e+01 -3.345899191322544652e+01
-7.384979494002124056e-01 -5.929869577865900965e+00
-6.927746883731839489e+01 -8.640941081598268170e+01
7.595076503022971792e+01 1.042065601101687093e+02
-1.686509407309364406e+01 3.136269795713923259e+01
-5.316919722625736711e+01 -3.772414178836845622e+01
3.369948380776709485e+01 1.696845990120181114e+02
-6.448106300279718539e+00 4.040618907345606203e+01
-8.883170555798814405e+01 7.898967404756598398e+01
7.445698818399318952e+01 -3.600555739719027315e+01
5.697174793321099173e+01 1.671424065808987507e+02
2.393448150468697122e+01 -1.742096151777425064e+02
-9.343769262788867991e+00 1.363550492334601927e+02
8.235563251412258978e+01 1.564706609885725470e+02
3.589282561793770299e+01 -1.179001683734377934e+02
7.726252528014131826e+01 -9.220588821986950734e+01
-8.157746516704040118e+01 8.909314545248133754e+01
5.324679850748367471e+00 6.330950260150075337e+01
1.506209804554406162e+01 9.902511983782909510e+01
-8.417260186005783851e+01 -1.073538333630146866e+02
-8.578952804073017546e+01 -7.907318407657868420e+00
-6.108438843071408542e+01 -9.694438678527585296e+01
2.707709530633813699e+01 1.783575493974357755e+02
8.988473545941602083e+00 -7.123999996116407374e+01
-5.895359378765384406e+01 7.977617305004878290e+01
3.657416046199031712e+00 8.568526481688445529e+01
7.623803902976939639e+01 -7.307470510539641850e+01
8.176245329395035810e+01 -1.626081403007819688e+02
4.866321864322964075e+01 5.432007204472438389e+01
-2.236181846631350822e+01 1.557833937315044750e+02
-8.854590448416358583e+01 7.642056517738438970e+01
5.574145197391808892e+01 -1.273451032506913663e+02
5.286683539643001950e+01 -6.432313934680182399e+01
-8.734565178700256638e+01 8.064775389728481514e+01
-3.821244631469262032e+01 -1.711579811080572995e+02
3.664812637200049039e+01 1.291571653399552702e+02
6.661244061016529372e+01 1.445977204800558411e+02
6.908330983707003270e+01 1.521342738689003227e+02
-7.890264696814440981e+01 -1.908502150953819410e+01
-7.878352697418286255e+01 -8.579946195423912059e+01
-8.207989154322640957e+01 -1.568998409831762046e+02
-5.130717426014206950e+01 -1.298189636662968383e+01
6.803968754685101317e+00 4.739855134264405478e+01
5.730413179752437713e+01 8.434786553361249162e+01
-8.599866084782409814e+01 1.426571873589904271e+01
4.270184338177799077e+01 1.092716351494027549e+02
9.390825441390319384e+00 -1.724715501845978736e+02
-3.179827784479439146e+01 8.947397046337187021e+00
5.308406219755033817e+01 -1.582222304725782465e+02
2.104140712475441433e+00 9.106107301170322899e+01
3.616629346740579365e+01 -8.602356735742225169e+01
-8.459583796891502061e+01 -2.860599836943316632e+01
5.361409779572764478e+01 -3.521968321641915622e+01
1.410751828979343259e+00 5.660444304245149283e+01
8.476329087807138762e+01 -8.440654093741214581e+01
2.445851790195510489e+01 -1.837220694882984162e+01
3.017511143902586923e+01 -1.380236545826224983e+02
-1.064157113027364687e+01 1.455567235104949191e+02
2.825651975972959917e+01 1.074199920379800233e+02
2.876450584675193056e+01 -6.975609330209903192e+01
-7.347980400247361388e+01 1.196906336461157139e+02
-3.261054782461219759e+01 3.933233037392810161e+01
8.901270935842336485e+01 -1.778224937462492505e+02
-4.860167695436851432e+01 -1.139673074688976442e+02
4.007804142899368571e+01 4.598387751319921790e+01
5.811833237419446618e+01 -1.274628556068255705e+02
-6.829008704264792584e+01 1.407599865368078440e+01
-7.216803385379553504e+01 -5.268967331783517238e+01
4.317083104744057209e+01 -1.332546390884197649e+02
-9.836527828865584411e+00 9.367246850958667892e+01
-6.481685167613721887e+01 -8.961866917800585952e+01
-5.519819720389180162e+01 -6.973433930228999600e+01
-6.238088595250606971e+01 8.708343087964016149e+01
3.319124202549048164e+01 -1.370044010786251363e+02
-8.671754909472483064e+01 1.450044939096525809e+01
-4.476463456332563595e+01 -1.175548881733592737e+02
-7.474758499173954363e+01 1.031346783898695776e+02
-2.749629977076794773e+01 1.628996786979079729e+02
-2.427208905654819660e+01 2.992061011427031758e+01
6.920046303304243906e+01 1.471993946863069027e+02
2.565555686725711837e+01 7.624707478928161208e+01
-2.550344723822865944e+01 1.208335172359417129e+02
7.778248092024148264e+01 1.062037659566174170e+02
7.941730771861969629e+01 1.220025675437874497e+02
-4.208486113293588460e+00 3.350214036560831232e+01
2.062004557320804565e+00 -3.183253589611103962e+01
1.738319981703085659e+00 -3.096129456940968794e+01
7.376822138752879710e+01 1.670672948885112419e+02
4.980892538366202871e+01 -1.116347517526728694e+02
1.814264834228572454e+01 -1.364268859581880520e+02
-7.353099970061778379e+01 9.620201522236015990e+01
8.343621048799889195e+00 -1.206743421213579524e+02
-8.587039893587416373e+01 -1.407219419944427727e+02
-7.404393496856815204e+01 1.083987119504060388e+02
-5.867205632545429950e+01 3.792501835323119508e+01
-5.443095886205164646e+01 -1.600688552776918527e+02
-1.402907517298075390e+01 -1.666512748321195545e+02
3.361862923091484845e+01 -9.256785422131095231e+01
-6.418372660794113926e+01 1.064090771922028011e+01
5.961917327906078867e+01 -2.417292884383928708e+01
-9.498843162595051126e+00 8.275361375308960987e+01
-8.860677463049476899e+01 -1.535418191760729485e+02
1.454565893560811674e+01 -8.077765872508601319e+01
-6.175872542470506232e+01 7.497244495495235128e+01
8.674248822828471361e+01 1.735330234723984404e+02
4.818648597831790426e+01 -1.841610433316475337e+00
1.491400011327031905e+01 -1.192763486470801126e+01
3.743911162998040254e+01 -1.249011683684033756e+02
8.291702396932024044e+01 -5.099271886009037758e+01
8.703461582194049129e+01 -1.688771309936605576e+02
-9.346512203702530996e+00 -7.865847769487473329e+01
6.931996243183036199e+00 1.620883580919633005e+01
-6.417904509264539570e+01 3.116566047545916263e+00
-5.151492173970510180e+00 -1.434829743403401778e+02
-6.234980628509559608e+01 5.561677028639132914e+01
-7.197791776519628115e+01 -9.967630540146615203e+00
-3.063049296937148824e+01 -4.082607723714798453e+01
-2.182664060400688300e+01 1.631158361186625143e+02
1.269046688339184925e+01 -9.515037160695457885e+01
1.526896192911034689e+01 7.431947049712809417e+01
-2.285157724871375251e+01 -1.283209380856496011e+02
-6.171565962941020445e+01 1.430185092963307625e+02
2.609833781827903465e+01 1.534517155340174668e+02
-5.345127188066187074e+01 -2.663810340083995243e+01
7.873871948345598071e+01 -1.522366408911774442e+02
1.648766459193114997e+01 1.728302988566565546e+01
-1.029759432977792244e+01 -1.480815649263594480e+02
1.221551676492255467e+01 -2.956941855940613095e+01
-5.981026939552083377e+01 -1.315651721041697044e+02
6.953681648455304298e+01 -4.671751082460559701e+00
-2.249984885360831299e+01 -3.227323087782920652e+01
-7.819712435413252649e+01 4.576682971947292344e+01
5.116591869343577059e+01 -6.733109314617982477e+01
-6.844236158921333413e+00 -6.472488803411391700e+01
2.307995798072018090e+01 -7.074119517001739155e+01
9.829762779941262352e-01 6.827161917161339488e+01
5.742998251860086611e+01 -1.747189394894518841e+02
4.781539610633024040e+01 -1.684170152890512782e+02
2.245503149180144931e+01 3.963197038151645302e+01
3.191888102749051370e+01 -5.315838244264966761e+00
-4.374298948516469920e+01 -5.007916267722623616e+01
4.886695529039081975e+01 -7.650563676505325361e+01
-3.148395990845637726e+01 1.540659390412898802e+02
-5.066267702272216411e+01 -1.670462935554846240e+02
3.046309589731274059e+01 9.074015144782657671e+01
5.400028114551622593e+01 4.646931512890387239e+01
-2.512092690237007275e+01 -6.574138825013183407e+01
-6.313903724027635178e+01 2.665934868378354849e+01
4.128571765051333387e+00 3.750442200927832914e+01
4.194648758493204355e+01 -2.174516414023008792e+01
-2.216487468730809951e+01 1.734799973739371239e+02
6.509120162294371426e+01 1.065275052103340272e+02
-7.634462167880232641e+01 -9.819594394056260001e+01
-9.690384086476910852e-01 2.349942050600128596e+01
-5.959263358064040261e+01 -1.192956257215760729e+02
1.329260129777793509e+00 3.668825376391481541e+01
-3.967522502062507783e+00 4.691810692647297287e+01
5.188533079566101947e+01 -1.399815168800310516e+01
4.347616635288960651e+01 -2.296840780474269650e+01
4.236670296003106273e+01 1.167365220532025205e+02
1.108250741823805186e+01 -1.604085026592310896e+02
-2.046282255268799588e+01 1.860328049305570630e+01
-3.878202962643771201e+01 -1.244699088339263113e+02
8.101608770021621808e+01 -1.795716601208476391e+02
7.421691510661787561e-02 -1.190260948345521967e+02
-2.211077305004016580e+01 7.331115646846285472e+01
6.199897173164276865e+01 -1.744080567406187754e+02
5.453289522209496454e+01 -1.610107957484356120e+02
-7.994276562921945128e+01 -1.778456783149992475e+02
4.239402131105620697e+00 3.205882392926267244e+01
6.934423210458277254e+01 -5.253822488225247866e+01
-4.276830276160996647e+01 5.988068178479741732e+01
-3.896452289871315600e+01 -7.560305058350411400e+01
-3.701290372179970234e+01 1.462221857375552077e+02
8.127647162853074292e+01 -1.215931517865770104e+02
6.140926974024500851e+01 -6.207962839884541495e+01
-4.758535817931791456e+01 -5.504223404400249819e+01
8.486690721367978085e+01 -7.539543368410103596e+01
-1.186913565764419332e+01 6.610533447359040338e+01
-3.541330010455597233e+01 -8.255508435395117317e+01
-1.680977038129870493e+01 1.288600119402977384e+02
-5.679577166960304879e+01 -5.991063194602821795e+01
5.148053586324624575e+01 1.431335122126088208e+02
-8.606144675124737375e+01 -1.706206992452633813e+02
-2.445337183291607630e+01 6.653786604195391874e+01
-1.548505719034868378e+01 -1.564798595596727182e+02
-4.246568382145491682e+01 6.485508895608802504e+00
3.141481389398856550e+01 -3.603411140968080417e+01
-5.964610548369716270e+01 -1.319099832277212556e+02
-1.302392187101249021e+01 -2.631394955541910008e+01
-2.615686777933470353e+01 -4.985439941550788490e+01
-4.276547119516265383e+01 4.399995278999730886e+01
-5.046135565896610586e+01 1.542605987039423212e+02
7.610134719457806796e+01 1.239828393733452572e+02
-1.613882670770718164e+01 -1.677913568925415859e+02
-6.554891692378305379e+00 -7.014741479783667444e+01
-2.733869476269771326e+01 -5.773302985139204679e+01
7.324499917396622095e+00 -2.919293810127669531e+01
7.195666832225171561e+00 5.833675545064718904e+01
6.936646319558664686e+01 -1.234595950448022847e+02
-6.228967275125518199e+01 -2.928873167396005783e+01
-5.628219810612329610e+01 1.218574533942048674e+02
3.151033573682751410e+01 6.259518745918768445e+01
2.491104885782991119e+01 1.379717331939725682e+02
-1.108041537182072034e+01 7.306406827014933469e+01
3.189363618856523885e+01 -1.195107705486747420e+02
-7.969287326816809980e+01 1.262083122392493237e+02
8.808097878439599526e+01 -4.209467494884887628e+01
2.713048961517935709e+01 9.191345691561679132e+01
-5.653132738058992146e+01 -1.559291249011426999e+02
-7.904016102579353742e+01 1.230302870926755645e+02
5.471806525395240328e+01 6.964836033213828159e+01
-2.947979409402471163e+01 8.591608544388094515e+01
-2.901573802504758959e+01 -6.717805232978516017e+01
6.646807723338227447e+00 -1.179456326232674286e+02
-4.331680487167332672e+00 9.467164803315660038e+01
3.116098914717288437e+01 9.311863623236968124e+01
-6.557007275081170405e+01 1.617498850984023875e+02
1.719152221307963657e+01 1.012772358291601904e+02
3.753769360802586164e+01 8.334632166483572746e+00
-4.416674198854119737e+01 9.094747547351715866e+00
3.380980631916266077e+01 -3.742531565731098908e+00
3.858656539252882567e+01 1.218260014534619131e+02
-7.608936610139167556e+00 3.590560188749390136e+01
-7.780654393662055668e+01 -1.329671345387654355e+02
-5.925773024277864209e+01 -2.440244455258792300e+01
-2.793713807640801150e+01 -6.526937239173069827e+01
-1.608636628063739238e+01 -1.511399693829190483e+00
-8.828673617172499632e+01 -7.568743924449026395e+01
2.291397697565268743e+01 -1.495981544200883491e+02
1.418474456165404263e+01 -1.330758393046680794e+02
-3.086805452936912531e+01 -9.891853330901318486e+01
7.922626503934631614e+01 9.764524257271261831e+01
-2.438448749945509064e+01 -1.154056779440860367e+02
8.961899754309754940e+01 1.304544286611899793e+02
4.559413078088766724e+00 7.173756885947227602e+00
5.289559353752855486e+01 -1.420984395856172569e+02
-2.500736537638894674e+01 1.074182934593404184e+02
-6.476089635753427842e+01 9.169114120989507910e+01
-1.594051897457624989e+01 8.894332227270075464e+01
-3.598096922498640993e+01 5.619639285328389633e+01
4.850451781826978959e+01 -1.198740481942719640e+02
4.921362453627932609e+01 5.097615623051092371e+01
1.790920674131459123e+01 -3.459976448999012177e+01
8.289282004366532419e+01 2.478591592867238091e+01
7.389089139910993254e+01 -1.729011396306863446e+02
7.394589312980718887e+01 1.368936082866808306e+02
-8.859387223464386807e+01 -1.543875114578738703e+02
2.137434162759878120e+01 4.101064057851792199e+01
5.342390032873578321e+01 1.157002966089912093e+02
7.611017664192473831e+01 -1.477915182691589848e+02
-3.768760278698767507e+01 -1.138904893922203883e+02
8.672380858341290377e+01 -1.784964394323299359e+02
-1.947585053611415162e+01 1.620562227080674802e+02
-3.917847587431823797e+01 1.667182289728107776e+02
-1.061015555777004238e+01 1.535765735405612986e+02
-5.415927519838085402e+01 -1.166294179623947684e+02
-2.123981997109370923e+01 6.281761136384011479e+01
3.863183121645428741e+01 -2.059704825160565633e+00
-3.713126242933908827e+01 5.029533350056283325e-01
-1.587048878080622671e+00 1.615242812512589126e+02
2.706351670296780298e+01 -1.591130837301840870e+02
8.507292026455510836e+01 8.651681507286855322e+01
8.745694048759654038e+01 4.455571412067348547e+01
-2.573966567528890437e+01 -1.708391119913904674e+02
3.658577831269795411e+00 1.139060705839238494e+02
5.307482058531988400e+00 -2.278032386709583079e+01
-7.249211210625863089e+01 1.298463545580480059e+02
-6.260383482206904660e+01 1.283887446922652771e+02
3.909988018351955930e+01 1.658207177970805333e+02
-4.781714798663709587e+01 5.051297215771785432e+01
3.358963841639157977e+01 -9.909037318347287737e+00
-6.947427983096531534e+01 3.011654835425611054e+01
3.470231701284447468e+01 -1.559851640299686437e+01
1.724092585255564813e+01 -2.830450750530374648e+01
2.418449154781825428e+01 4.182153144238384357e+00
-3.488403804088733295e+01 -3.554617717134229338e+01
3.619834857341108147e+01 1.567696033519903835e+02
4.652584566181423043e+01 6.758360791288097857e+01
-5.465219319404468479e+01 -9.540885365754054703e+01
3.855591678604756112e+01 -1.592120139116761095e+02
4.630246162131535925e+01 1.025670324254411980e+01
2.095874954623516828e+01 -1.065026129549717666e+02
2.721218725390940563e+00 3.206406766133432029e+01
-4.867920091608583277e+01 1.346849993335542877e+02
7.758162906431678607e+01 -2.074346439568012102e+01
5.036191415270741345e+01 -1.430344644713636058e+02
-7.203173920811924802e+01 1.155302552209428200e+02
4.042659213256752082e+01 -5.069146999834484291e+01
-6.395690909872870122e+01 -1.325246002338388962e+02
7.405366017951396884e+01 5.817107612043162135e+01
6.636327928070534199e+01 -3.248082179958765892e+01
-6.989708951666978010e+01 8.966624326860414840e+01
2.028791580404026718e+01 -8.686020144581372904e+01
-2.837253826273000357e+01 -1.672461971705129713e+02
-2.434293098194014249e+01 -7.722924396767660937e+01
-4.875586900419568082e+01 -1.104185144765345683e+02
-2.588419763298909970e+01 -2.123781454028011240e+01
-8.072811732877069346e+01 5.845724512908134329e+01
-6.935273032463001641e+01 5.201665088496756084e+01
-6.483698103912306010e+01 4.770333800658727341e+01
-2.614973752636418425e+01 8.403017941740489505e+01
-1.270624558172492868e+01 3.295960899317381632e+01
3.671648584967591944e+01 -8.551449750752016143e+01
1.245028517583357086e+01 -1.123557645311965985e+02
8.348511462618930068e+01 -8.512297817416360601e+01
-6.617176612583244832e+01 7.114988016632051426e+01
7.508491191384027275e+01 1.510889074482048500e+01
4.401942799748962898e+01 -1.046837939044265084e+02
-2.365444225899852881e+01 -1.568603380854184195e+02
3.474428774974838063e+01 -1.504809663758286149e+02
4.528920585504013729e+01 -1.435240199560266774e+02
3.500791998136230632e+01 -1.415786284740417500e+01
2.170319716101315066e+01 -3.910809638746138717e+01
5.539383340180478399e+01 1.412592242127649342e+02
7.809094832096621985e+01 1.394440632281036301e+02
-3.597378254814813658e+01 -1.193577437916345616e+02
7.184592854319996036e+01 1.394529991259682902e+02
7.984459440181990431e+01 7.428872402261418983e+00
3.352447757719464505e+01 -5.439732505154304931e+01
-3.312043352516086259e+01 9.474723099444952368e+01
-2.152512176258392174e+01 -2.230462747154103909e+01
4.540630557394007383e+01 -7.684627429203696636e+01
-5.343337084113382929e+01 -1.312877380886008609e+02
-3.010940204484852245e+01 -8.961526981419829951e+01
-4.488128702110866186e+01 2.748038555162415264e+01
-7.764229614386650269e+01 -6.429629390962543312e+01
2.920990543181673615e+01 -1.030742642189283345e+02
-7.167316688303618832e+01 -1.701278069843321816e+02
-6.771371151884677886e+01 7.718035393518209730e+01
-8.660307868351395655e+01 -1.732724563857521503e+02
3.126930294242963271e+01 1.764315013467989388e+02
2.241500992144058557e+01 3.329714300870577404e+01
8.407943502578896755e+01 1.366095443750901381e+02
-3.447167684143316535e+01 1.280886736438385469e+02
-4.450448458152030184e+01 1.277590637684137391e+02
2.413073123203903947e+01 1.103527102546507308e+02
-8.912235702108065993e+01 -1.130486849360340074e+02
-4.937240087728942939e+01 -1.768269824100517837e+02
-1.252586008459508093e+01 -4.696027257316404757e+01
1.156891518012540132e+01 1.032019436409462969e+02
-2.317011973892938670e+01 -1.516059967778322175e+02
-6.445777108403309796e+01 -1.002050542112648657e+02
-2.743430223995427042e+01 1.402796852828474243e+02
7.132172552801705478e+01 -3.216621288885147578e+01
8.186123029454546440e+01 2.850741439939886845e+01
-3.577043431247470551e+01 1.330826179479059874e+02
4.869022450186412243e+01 3.035099400633995970e+01
2.719103673399665411e+01 -3.306022221558393426e+01
6.990218512800157669e+01 -6.041792247488180578e+01
-4.970855586680021787e+01 4.316843760779426020e+01
-6.642147021343004099e+01 1.301833142701549377e+02
3.771939427767888731e+01 -9.329866761699106803e+01
-6.058034502313930858e+01 1.712425998452799263e+02
8.187157687993976651e+01 1.293608040763996314e+02
-7.359361439741118716e+01 4.107817442516292772e+01
-6.656371195911276573e+01 -1.493303008037609345e+02
-5.243227875848550212e+01 -1.429373389639881680e+02
4.678952130297435019e+01 1.127197644044083518e+02
2.662187497639703793e+01 8.233610199961560738e+01
1.651123117618902825e+01 8.441076743763574086e+01
-2.549594287836966089e+01 5.718324781272386303e+01
-4.175794756101262806e+01 -9.612137132317813837e+01
2.811309782744913832e+01 4.576165791023601059e+01
-5.173110120732924599e+01 6.537889877285857665e+01
3.342305809917918680e+01 1.387987402684890412e+02
-2.375725884318185877e+00 -8.982020267117782453e+01
2.073521182779751371e+01 1.689078404259479953e+02
-5.397692417432214285e+01 -5.630148939960753296e+01
-2.482378905211604092e+00 -3.245625248638475568e+01
8.728733746441974972e+01 -8.442319604099962760e+01
-3.367184810200294720e+01 -1.766571563363885105e+02
-3.001347287051594037e+01 -1.679377082312474840e+02
-3.059774191591785097e+01 7.666667133780498489e+01
-8.840034544302069719e+01 -6.800561103257504669e+01
-6.136656698431588097e+01 4.597852308020941337e+01
-4.761247412776309318e+01 8.839826594303531238e+01
5.639349925407782393e+01 -7.432512587044337238e+01
5.180650936035490872e+01 -1.062049632193554771e+01
1.163848438775623606e+01 -1.460995234760986818e+02
1.527523351233791971e+01 6.531428208374086353e+01
6.532596743032371478e+00 -1.485916339097232992e+02
8.646677643245027411e+01 4.225399633019449652e+01
1.010236680821749644e+01 -1.480976216639119230e+02
-5.325742626099369659e+01 -1.417895735141013631e+02
5.052492400316319276e+01 -1.738471246915479753e+02
-7.194303334148955287e+01 1.706024649842143504e+01
4.121513623852209207e+00 -5.443570265097849870e+01
4.683995697923208468e+01 -2.408582711193142245e+01
-4.619367540304602926e+01 1.218375807469809047e+02
-7.053956086741888498e+01 1.720165037675020585e+02
-7.328576848528018672e+01 1.783797376052654613e+02
4.096846794552919846e+01 -1.478888956970619120e+02
6.658221986593559905e+00 6.723047040849394307e+01
2.916541594983215191e+00 -1.793070363754403616e+02
1.178773618979802507e+01 -1.250826572750410861e+02
1.832411268238304558e+01 2.636124522208078247e+01
8.172047030940757395e+01 1.742777775694878528e+02
-7.429326279347380080e+01 -7.645457403050471612e+00
7.251684533686471923e+00 -2.954619967274595638e+00
-1.075586612555571264e+01 -1.451281968548567534e+02
-6.298154040772540441e+01 -3.044898155917238114e+01
4.164945495636558803e+01 -1.262789696801183368e+02
5.203823313378339321e+01 3.068239239061827561e+01
-5.522273084431277113e+01 -8.071690426923179018e+01
-3.701617035651810284e+01 -1.228009982672820968e+02
6.112585192992384009e+00 4.822352758114473659e+01
-7.929580689342694200e+01 1.020386779616913486e+01
-1.228888599665566517e+01 -3.547974035087665357e+01
-3.775283144133715751e+01 -1.072079748725729615e+02
-5.869497796854712846e+01 1.897753868435282243e+01
-2.326392259377517746e+01 -3.002060744106535140e+01
2.850058089418587315e+01 -7.477964401053050381e+01
-5.591369369483130924e+01 8.027692962429603085e+01
7.579833481736292811e+01 -1.290162837582294344e+02
2.850211665794830651e+01 -3.896218192458272256e+01
4.419126564540775348e+01 -1.285910937633591402e+02
-8.655631460636546137e+01 9.349612000380108157e+01
8.313664861454194011e+01 1.620777073653944171e+02
-4.412431571863443480e+01 1.253949428759997318e+02
5.953989532431606335e+01 4.148298990446116363e+01
-5.089053558585118964e+01 -1.590771589834762096e+02
-3.553882317316259787e+01 -6.134091585706275396e+01
-3.953569256963410794e+01 8.374609827093274816e+01
